763134.0789266629 1415942.4118573044
32
Bosch Bidadi, Bengaluru
763134.0789266629  1415942.4118573044
Adugodi, Bengaluru
782914.8514071683  1432330.823313476
Adugodi Signal, Bengaluru
782935.8301313296  1432349.8565084736
Anand Ashram, Bengaluru
782019.2051987561  1430480.4681802683
Aneypalya, Bengaluru
782393.5145883248  1432802.7517507593
Arakere BTS Layout, Bengaluru
778473.5480951078  1430008.352740929
Arakere Gate, Bengaluru
781908.3213968953  1426352.1282812576
Ashram Bus Stop, Bengaluru
782019.2051987561  1430480.4681802683
Ashram HDFC Bank, Bengaluru
779890.0513515586  1432862.1607566697
Austin Town, Bengaluru
783493.7612909917  1433804.5605622944
BPL Stop, Bengaluru
781847.1779111604  1426084.944684315
BTM, Bengaluru
782309.1533225549  1429333.514016713
BTM 2nd stage, Bengaluru
781943.6223092999  1428891.9519555543
Bannerghatta Road, Bengaluru
781914.919898384  1428497.9454659517
Canara  Bank, Bengaluru
782122.4616222442  1432841.4052837072
Dairy Circle, Bengaluru
782199.4453611787  1431815.6188768744
Gottigere, Bengaluru
780968.1137002208  1422627.6422672938
Hulimavu Gate, Bengaluru
781235.6389806222  1426183.9621171656
Jayadeva Hospital Junction, Bengaluru
782123.6262541104  1429448.0757427767
Koramangala, Bengaluru
783362.0314835524  1431394.526331755
Koramangala Depot, Bengaluru
784623.8060046125  1432187.1593199866
Koramangala Police Station, Bengaluru
784259.471724814  1432053.8794857068
Lakkasandra Bus Stop, Bengaluru
782155.1504013705  1431585.4761138821
Mico Layout, Bengaluru
782309.1533225549  1429333.514016713
Mico Signal, Bengaluru
782384.5372907158  1432407.0050759453
Sagar Appolo Hospital, Bengaluru
782019.2051987561  1430480.4681802683
Silk Board, Bengaluru
784480.1264293012  1429402.5208584077
Spar Stop, Bengaluru
778941.2450916434  1434564.9517337698
Thilaknagar, Bengaluru
781972.6760627513  1429926.4065307043
Udupi Guarden, Bengaluru
783098.9416772109  1429475.3846568966
Vijaya Bank Adugodi, Bengaluru
781504.0358781181  1431693.3821884166
Viveknagar, Bengaluru
784136.0635395453  1433303.6706306746
10
50
04:15 05:35
12:15 13:35
20:15 21:35
95
0 1 22 1 1 7 1 2 1 2 1 5 1 4 4 1 2 1 2 7 1 3 2 4 6 1 1 1 2 2 1 5 
36107 3647 16708 3710 3335 8958 8073 4559 13595 4841 8844 5567 6247 13630 8550 1600 11737 10335 4429 6021 5629 5140 0 5652 3942 3567 8497 4476 3399 13469 3682 6331 
33940 9381 22443 10834 9069 16082 15198 6846 7245 9147 15968 12961 13371 34520 0 8725 33906 17459 12528 11755 11393 11338 10667 12776 9676 10691 14231 5438 11498 4751 9417 10025 
33050 7287 17188 5287 6975 10521 9637 0 12899 8104 9645 7392 7810 25890 6678 4418 25275 11898 6254 9267 9269 8780 5066 7216 7582 5001 8969 2804 5242 10875 7323 9219 
44790 13182 26243 15051 12870 20299 19414 10638 7556 12242 20185 17177 17587 37444 4960 13054 36830 21676 16745 15556 14488 14434 14997 16993 13477 14908 18032 10219 15715 0 13218 13120 
43437 16143 0 16192 17841 13062 13738 21852 28725 19558 17674 13857 15872 14409 25242 17348 14117 11659 15587 15739 16539 16050 18302 14833 16406 16195 12581 22580 17001 28599 16179 18037 
39026 5869 11102 2264 5557 4428 3544 7096 15947 7063 4314 1306 1717 9100 11832 3532 7208 5805 0 4791 5591 5102 3282 1122 6164 1386 2883 7758 1358 15821 5905 8553 
51071 3861 12213 4994 3747 9498 8801 9569 15392 4149 9908 4305 5770 22043 11909 5065 12802 9638 6070 831 0 2141 6020 5316 4123 6040 4002 9247 6847 15266 3896 2629 
36920 5177 12771 1211 4865 6104 5220 5572 15254 6371 5991 2975 3393 10776 11140 2840 8884 7481 1837 5419 6219 5730 2590 2799 5471 0 4552 6920 807 15128 5212 7861 
36993 2787 15848 3513 2475 8760 7876 5446 12864 3981 8647 5639 6049 13432 9382 1403 11540 10137 5206 5161 4769 4280 3346 5455 0 3370 7637 5400 4176 12738 2822 5471 
39895 3842 9793 3379 5540 4212 4413 8214 16424 7257 5184 0 1462 9970 12941 5348 8077 5709 1762 3438 4238 3749 5098 1008 4105 3198 1574 9562 3393 16298 3878 5736 
51653 1933 12795 4287 2484 9535 8650 7673 14547 3580 9421 4537 6824 14207 11064 3170 12315 10221 5981 1254 802 0 4124 6229 2228 4144 4584 8402 4951 14421 1969 2059 
36513 10087 9772 6482 9775 0 715 10708 20165 11281 1802 4670 3567 6588 16050 7750 4695 2226 4683 8807 9608 9119 7500 4560 9474 5604 5649 11976 5576 20039 10123 11105 
38116 5343 11898 3983 7513 3518 2634 8819 17903 9019 3405 1453 0 8190 13788 5488 6298 4895 2421 4938 5739 5250 5238 1018 5605 3342 3678 10167 3315 17777 5378 7237 
34800 3324 15835 6320 1318 11568 10683 7711 12008 0 11454 8446 8857 16240 8525 5762 14347 12945 8014 4822 3622 3568 6157 8262 3618 6177 7624 5863 6984 11882 3359 2254 
36682 5298 12390 1684 4986 5723 4838 6663 15376 6492 5609 2593 3012 10395 11261 2961 8503 7100 1455 4369 5170 4681 2711 2417 5593 814 4170 7187 0 15250 5333 7982 
36064 9200 15349 5595 8888 715 0 9993 19277 10394 1795 4070 2680 6138 15163 6863 4246 2856 3796 7669 8470 7981 6613 3458 9495 4716 5198 11342 4689 19151 9235 9968 
40720 5250 10065 3756 6947 5052 4902 9560 17832 8665 6009 1378 3393 10794 14349 6693 8902 6549 3108 4845 5646 5157 6443 2354 5512 4543 0 10908 4738 17705 5285 7144 
34604 24726 14064 13528 16822 9044 8975 30661 40913 18327 7845 12063 10614 0 34730 14796 4288 9224 11729 24321 25122 24633 14546 11391 24989 12650 21163 31140 12623 41386 24761 26620 
35474 9289 14759 5683 8977 1409 694 10082 19366 10483 0 4218 2769 5548 15252 6952 3656 3124 3884 8183 9160 8672 6702 3547 9583 4805 5712 11431 4778 19240 9324 11973 
50253 3244 11395 5655 3325 8681 7984 8984 15665 4421 9091 4362 6475 21225 12182 4480 11984 8821 6127 0 1370 1310 5435 5373 3538 5658 3184 9520 6465 15539 3279 2900 
38883 4899 10806 3539 7533 4285 3401 8374 17923 9039 4172 1009 1018 8957 13808 5508 7065 5662 1923 4494 5295 4806 5258 0 5161 3358 2586 9723 3553 17797 4934 6792 
36280 3110 14303 5465 1563 10712 9828 9191 13487 2244 10599 6573 8001 15384 10004 4347 13492 12089 7158 3290 2090 2036 5301 7407 3405 5322 6092 7342 6128 13361 3146 0 
39845 6790 11923 0 6478 5248 4363 7312 16868 7984 5134 2126 2537 9920 12753 4453 8027 6625 1670 5611 6412 5923 4203 1942 7085 2303 3703 8661 2110 16742 6826 9475 
38049 4387 14703 2110 4075 7357 6473 6502 14465 5581 7244 4236 4646 12029 10493 0 10137 8735 3804 4849 6369 5880 1943 4052 4682 1967 6491 6418 2774 14339 4423 7072 
37930 674 13026 2996 2372 8244 7360 6383 13256 4372 8130 4158 5533 12916 9773 1879 11024 9621 4690 2338 2566 2077 2833 4938 937 2853 4815 7111 3660 13130 0 4064 
29008 5881 18942 6454 5569 11701 10817 2220 10628 6601 11588 8580 8990 27472 4406 4344 26858 13079 8490 8254 7863 7374 6287 8396 6175 6311 10731 0 7478 8603 5916 7717 
31818 12846 11103 9241 12534 4756 4687 13633 22923 14040 3557 7775 6326 1892 31944 10509 0 4937 7441 11792 12593 12104 10259 7104 13140 8362 9321 28354 8335 38600 12881 15530 
37966 0 13061 3032 2407 8279 7395 6418 13292 4408 8166 4194 5568 12951 9809 1914 11059 9656 4725 2374 2601 2112 2869 4974 972 2889 4850 7147 3695 13165 35 4099 
48184 13456 26518 15325 13144 20573 19688 13685 0 12517 20459 17451 17862 40839 7634 13328 23352 21950 17019 15830 14762 14708 15271 17267 13751 15182 18306 10493 15989 4967 13492 13394 
0 35677 41389 39640 35365 37449 37380 30577 49113 36397 36250 38049 39019 33307 33475 38930 32693 37629 37541 51647 52447 51958 39128 39797 35972 39459 48489 29885 38935 46051 35712 37513 
37168 9124 8109 8368 10821 2722 3398 13337 22051 12539 3449 6226 5693 7035 17936 9636 5350 0 6569 8719 9520 9031 9386 6116 9386 7489 5561 13862 7462 21925 9159 11017 
35380 1998 15059 4352 0 9600 8715 8291 12587 2176 9486 6478 6889 14272 9104 3235 12379 10977 6046 4372 2516 2461 4189 6294 2293 4209 6848 6442 5016 12461 2033 1547 
150000
